2
InitPr 2
0 9.9998e-06
1 0.99999
OutputPr 188
0 ! 3.15033e-07
0 " 3.15033e-07
0 # 3.15033e-07
0 $ 3.15033e-07
0 % 3.15033e-07
0 & 3.15033e-07
0 ' 3.15033e-07
0 ( 3.15033e-07
0 ) 3.15033e-07
0 * 3.15033e-07
0 + 3.15033e-07
0 , 3.15033e-07
0 - 3.15033e-07
0 . 3.15033e-07
0 / 3.15033e-07
0 0 3.15033e-07
0 1 3.15033e-07
0 2 3.15033e-07
0 3 3.15033e-07
0 4 3.15033e-07
0 5 3.15033e-07
0 6 3.15033e-07
0 7 3.15033e-07
0 8 3.15033e-07
0 9 3.15033e-07
0 : 3.15033e-07
0 ; 3.15033e-07
0 < 3.15033e-07
0 = 3.15033e-07
0 > 3.15033e-07
0 ? 3.15033e-07
0 @ 3.15033e-07
0 A 3.87196e-07
0 B 3.15033e-07
0 C 3.17578e-07
0 D 0.0315036
0 E 0.0315036
0 F 3.15033e-07
0 G 3.25626e-07
0 H 0.0945102
0 I 0.0315036
0 J 3.15033e-07
0 K 0.126013
0 L 0.0630069
0 M 0.0945102
0 N 0.0945101
0 O 3.15033e-07
0 P 0.252026
0 Q 0.0630069
0 R 3.15033e-07
0 S 0.0630069
0 T 0.0390101
0 U 3.15033e-07
0 V 3.15033e-07
0 W 0.0158623
0 X 3.15033e-07
0 Y 6.3612e-07
0 Z 3.15033e-07
0 [ 3.15033e-07
0 \ 3.15033e-07
0 ] 3.15033e-07
0 ^ 3.15033e-07
0 _ 3.15033e-07
0 ` 3.15033e-07
0 a 3.15033e-07
0 b 3.15033e-07
0 c 3.15033e-07
0 d 3.15033e-07
0 e 3.15033e-07
0 f 3.15033e-07
0 g 3.15033e-07
0 h 3.15033e-07
0 i 3.15033e-07
0 j 3.15033e-07
0 k 3.15033e-07
0 l 3.15033e-07
0 m 3.15033e-07
0 n 3.15033e-07
0 o 3.15033e-07
0 p 3.15033e-07
0 q 3.15033e-07
0 r 3.15033e-07
0 s 3.15033e-07
0 t 3.15033e-07
0 u 3.15033e-07
0 v 3.15033e-07
0 w 3.15033e-07
0 x 3.15033e-07
0 y 3.15033e-07
0 z 3.15033e-07
0 { 3.15033e-07
0 | 3.15033e-07
0 } 3.15033e-07
0 ~ 3.15033e-07
1 ! 3.30478e-07
1 " 3.30478e-07
1 # 3.30478e-07
1 $ 3.30478e-07
1 % 3.30478e-07
1 & 3.30478e-07
1 ' 3.30478e-07
1 ( 3.30478e-07
1 ) 3.30478e-07
1 * 3.30478e-07
1 + 3.30478e-07
1 , 3.30478e-07
1 - 3.30478e-07
1 . 3.30478e-07
1 / 3.30478e-07
1 0 3.30478e-07
1 1 3.30478e-07
1 2 3.30478e-07
1 3 3.30478e-07
1 4 3.30478e-07
1 5 3.30478e-07
1 6 3.30478e-07
1 7 3.30478e-07
1 8 3.30478e-07
1 9 3.30478e-07
1 : 3.30478e-07
1 ; 3.30478e-07
1 < 3.30478e-07
1 = 3.30478e-07
1 > 3.30478e-07
1 ? 3.30478e-07
1 @ 3.30478e-07
1 A 0.363527
1 B 3.30478e-07
1 C 0.132192
1 D 3.33207e-07
1 E 3.33207e-07
1 F 3.30478e-07
1 G 0.16524
1 H 3.33207e-07
1 I 3.33207e-07
1 J 3.30478e-07
1 K 4.54322e-07
1 L 3.33207e-07
1 M 3.33207e-07
1 N 4.00065e-07
1 O 3.30478e-07
1 P 5.0948e-07
1 Q 3.33207e-07
1 R 3.30478e-07
1 S 3.55079e-07
1 T 0.289556
1 U 3.30478e-07
1 V 3.30478e-07
1 W 0.0164085
1 X 3.30478e-07
1 Y 0.0330478
1 Z 3.30478e-07
1 [ 3.30478e-07
1 \ 3.30478e-07
1 ] 3.30478e-07
1 ^ 3.30478e-07
1 _ 3.30478e-07
1 ` 3.30478e-07
1 a 3.30478e-07
1 b 3.30478e-07
1 c 3.30478e-07
1 d 3.30478e-07
1 e 3.30478e-07
1 f 3.30478e-07
1 g 3.30478e-07
1 h 3.30478e-07
1 i 3.30478e-07
1 j 3.30478e-07
1 k 3.30478e-07
1 l 3.30478e-07
1 m 3.30478e-07
1 n 3.30478e-07
1 o 3.30478e-07
1 p 3.30478e-07
1 q 3.30478e-07
1 r 3.30478e-07
1 s 3.30478e-07
1 t 3.30478e-07
1 u 3.30478e-07
1 v 3.30478e-07
1 w 3.30478e-07
1 x 3.30478e-07
1 y 3.30478e-07
1 z 3.30478e-07
1 { 3.30478e-07
1 | 3.30478e-07
1 } 3.30478e-07
1 ~ 3.30478e-07
TransPr 4
0 0 0.932898
0 1 0.0671015
1 0 0.101223
1 1 0.898777
